100000445169100
100000445169101
100000445169102
100000445169103
100000445169104
100000445169105
100000445169106
100000445169107
100000445169108
100000445169109
100000445169110
100000445169111
100000445169112
100000445169113
100000445169114
100000445169115
100000445169116
100000445169117
100000445169118
100000445169119
100000445169120
100000445169121
100000445169122
100000445169123
100000445169124
100000445169125
100000445169126
100000445169127
100000445169128
100000445169129
100000445169130
100000445169131
100000445169132
100000445169133
100000445169134
100000445169135
100000445169136
100000445169137
100000445169138 
100000445169139
100000445169140
100000445169141
100000445169142
100000445169143
100000445169144
100000445169145
100000445169146
100000445169147
100000445169148
100000445169149
100000445169150
100000445169151
100000445169152
100000445169153
100000445169154
100000445169155
100000445169156
100000445169157
100000445169158
100000445169159
100000445169160
100000445169161
100000445169162
100000445169163
100000445169164
100000445169165
100000445169166
100000445169167
100000445169168
100000445169169
100000445169170
100000445169171
100000445169172
100000445169173
100000445169174
100000445169175
100000445169176
100000445169177
100000445169178
100000445169179
100000445169180
100000445169181
100000445169182
100000445169183
100000445169184
100000445169185
100000445169186
100000445169187
100000445169188
100000445169189
100000445169190
100000445169191
100000445169192
100000445169193
100000445169194
100000445169195 
100000445169196
100000445169197
100000445169198
100000445169199
100000445169200
100000445169201
100000445169202
100000445169203
100000445169204
100000445169205
100000445169206
100000445169207
100000445169208
100000445169209
100000445169210
100000445169211
100000445169212
100000445169213
100000445169214
100000445169215
100000445169216
100000445169217
100000445169218
100000445169219
100000445169220
100000445169221
100000445169222
100000445169223
100000445169224
100000445169225
100000445169226
100000445169227
100000445169228
100000445169229
100000445169230
100000445169231
100000445169232
100000445169233
100000445169234
100000445169235
100000445169236
100000445169237
100000445169238
100000445169239
100000445169240
100000445169241
100000445169242
100000445169243
100000445169244
100000445169245
100000445169246
100000445169247
100000445169248
100000445169249
100000445169250
100000445169250.98
100000445169252 
100000445169253
100000445169254
100000445169255
100000445169256
100000445169257
100000445169258
100000445169259
100000445169260
100000445169261
100000445169262
100000445169263
100000445169264
100000445169265
100000445169266
100000445169267
100000445169268
100000445169269
100000445169270
100000445169271
100000445169272
100000445169273
100000445169274
100000445169275
100000445169276
100000445169277
100000445169278
100000445169279
100000445169280
100000445169281
100000445169282
100000445169283
100000445169284
100000445169285
100000445169286
100000445169287
100000445169288
100000445169289
100000445169290
100000445169291
100000445169292
100000445169293
100000445169294
100000445169295
100000445169296
100000445169297
100000445169298
100000445169299
100000445169300
100000445169301
100000445169302
100000445169303
100000445169304
100000445169305
100000445169306
100000445169307
100000445169308
100000445169309 
100000445169310
100000445169311
100000445169312
100000445169313
100000445169314
100000445169315
100000445169316
100000445169317
100000445169318
100000445169319
100000445169320
100000445169321
100000445169322
100000445169323
100000445169324
100000445169325
100000445169326
100000445169327
100000445169328
100000445169329
100000445169330
100000445169331
100000445169332
100000445169333
100000445169334
100000445169335
100000445169336
100000445169337 
100000445169338
100000445169339
100000445169340
100000445169341
100000445169342
100000445169343
100000445169344
100000445169345
100000445169346
100000445169347
100000445169348
100000445169349
100000445169350
100000445169351
100000445169352
100000445169353
100000445169354
100000445169355
100000445169356
100000445169357
100000445169358
100000445169359
100000445169360
100000445169361
100000445169362
100000445169363
100000445169364
100000445169365
100000445169366
100000445169367
100000445169368
100000445169369
100000445169370
100000445169371
100000445169372
100000445169373
100000445169374
100000445169375
100000445169376
100000445169377
100000445169378
100000445169379
100000445169380
100000445169381
100000445169382
100000445169383
100000445169384
100000445169385
100000445169386
100000445169387
100000445169388
100000445169389
100000445169390
100000445169391
100000445169392
100000445169393
100000445169394 
100000445169395
100000445169396
100000445169397
100000445169398
100000445169399
100000445169400
100000445169401
100000445169402
100000445169403
100000445169404
100000445169405
100000445169406
100000445169407
100000445169408
100000445169409
100000445169410
100000445169411
100000445169412
100000445169413
100000445169414
100000445169415
100000445169416
100000445169417
100000445169418
100000445169419
100000445169420
100000445169421
100000445169422
100000445169423
100000445169424
100000445169425
100000445169426
100000445169427
100000445169428
100000445169429
100000445169430
100000445169431
100000445169432
100000445169433
100000445169434
100000445169435
100000445169436
100000445169437
100000445169438
100000445169439
100000445169440
100000445169441
100000445169442
100000445169443
100000445169444
100000445169445
100000445169446
100000445169447
100000445169448
100000445169449
100000445169450
100000445169451 
100000445169452
100000445169453
100000445169454
100000445169455
100000445169456
100000445169457
100000445169458
100000445169459
100000445169460
100000445169461
100000445169462
100000445169463
100000445169464
100000445169465
100000445169466
100000445169467
100000445169468
100000445169469
100000445169470
100000445169471
100000445169472
100000445169473
100000445169474
100000445169475
100000445169476
100000445169477
100000445169478
100000445169479
100000445169480
100000445169481
100000445169482
100000445169483
100000445169484
100000445169485
100000445169486
100000445169487
100000445169488
100000445169489
100000445169490
100000445169491
100000445169492
100000445169493
100000445169494
100000445169495
100000445169496
100000445169497
100000445169498
100000445169499
100000445169500
100000445169501
100000445169502
100000445169503
100000445169504
100000445169505
100000445169506
100000445169507
100000445169508
100000445169509
100000445169510
100000445169511
100000445169512
100000445169513
100000445169514
100000445169515
100000445169516
100000445169517
100000445169518
100000445169519
100000445169520
100000445169521
100000445169522
100000445169523
100000445169524
100000445169525
100000445169526
100000445169527
100000445169528
100000445169529
100000445169530
100000445169531
100000445169532
100000445169533
100000445169534
100000445169535
100000445169536
100000445169537
100000445169538
100000445169539
100000445169540
100000445169541
100000445169542
100000445169543
100000445169544
100000445169545
100000445169546
100000445169547
100000445169548
100000445169549
100000445169550
100000445169551
100000445169552
100000445169553
100000445169554
100000445169555
100000445169556
100000445169557
100000445169558
100000445169559
100000445169560
100000445169561
100000445169562
100000445169563
100000445169564
100000445169565
100000445169566
100000445169567
100000445169568
100000445169569
100000445169570
100000445169571
100000445169572
100000445169573
100000445169574
100000445169575
100000445169576
100000445169577
100000445169578
100000445169579
100000445169580
100000445169581
100000445169582
100000445169583
100000445169584
100000445169585
100000445169586
100000445169587
100000445169588
100000445169589
100000445169590
100000445169591
100000445169592
100000445169593
100000445169594
100000445169595
100000445169596
100000445169597
100000445169598
100000445169599
100000445169600
100000445169601
100000445169602
100000445169603
100000445169604
100000445169605
100000445169606
100000445169607
100000445169608
100000445169609
100000445169610
100000445169611
100000445169612
100000445169613
100000445169614
100000445169615
100000445169616
100000445169617
100000445169618
100000445169619
100000445169620
100000445169621
100000445169622
100000445169623
100000445169624
100000445169625
100000445169626
100000445169627
100000445169628
100000445169629
100000445169630
100000445169631
100000445169632
100000445169633
100000445169634
100000445169635
100000445169636
100000445169637
100000445169638
100000445169639
100000445169640
100000445169641
100000445169642
100000445169643
100000445169644
100000445169645
100000445169646
100000445169647
100000445169648
100000445169649
100000445169650
100000445169651
100000445169652
100000445169653
100000445169654
100000445169655
100000445169656
100000445169657
100000445169658
100000445169659
100000445169660
100000445169661
100000445169662
100000445169663
100000445169664
100000445169665
100000445169666
100000445169667
100000445169668
100000445169669
100000445169670
100000445169671
100000445169672
100000445169673
100000445169674
100000445169675
100000445169676
100000445169677
100000445169678
100000445169679
100000445169680
100000445169681
100000445169682
100000445169683
100000445169684
100000445169685
100000445169686
100000445169687
100000445169688
100000445169689
100000445169690
100000445169691
100000445169692
100000445169693
100000445169694
100000445169695
100000445169696
100000445169697
100000445169698
100000445169699
100000445169700
100000445169701
100000445169702
100000445169703
100000445169704
100000445169705
100000445169706
100000445169707
100000445169708
100000445169709
100000445169710
100000445169711
100000445169712
100000445169713
100000445169714
100000445169715
100000445169716
100000445169717
100000445169718
100000445169719
100000445169720
100000445169721
100000445169722
100000445169723
100000445169724
100000445169725
100000445169726
100000445169727
100000445169728
100000445169729
100000445169730
100000445169731
100000445169732
100000445169733
100000445169734
100000445169735
100000445169736
100000445169737
100000445169738
100000445169739
100000445169740
100000445169741
100000445169742
100000445169743
100000445169744
100000445169745
100000445169746
100000445169747
100000445169748
100000445169749
100000445169750
100000445169751
100000445169752
100000445169753
100000445169754
100000445169755
100000445169756
100000445169757
100000445169758
100000445169759
100000445169760
100000445169761
100000445169762
100000445169763
100000445169764
100000445169765
100000445169766
100000445169767
100000445169768
100000445169769
100000445169770
100000445169771
100000445169772
100000445169773
100000445169774
100000445169775
100000445169776
100000445169777
100000445169778
100000445169779
100000445169780
100000445169781
100000445169782
100000445169783
100000445169784
100000445169785
100000445169786
100000445169787
100000445169788
100000445169789
100000445169790
100000445169791
100000445169792
100000445169793
100000445169794
100000445169795
100000445169796
100000445169797
100000445169798
100000445169799
100000445169800
100000445169801
100000445169802
100000445169803
100000445169804
100000445169805
100000445169806
100000445169807
100000445169808
100000445169809
100000445169810
100000445169811
100000445169812
100000445169813
100000445169814
100000445169815
100000445169816
100000445169817
100000445169818
100000445169819
100000445169820
100000445169821
100000445169822
100000445169823
100000445169824
100000445169825
100000445169826
100000445169827
100000445169828
100000445169829
100000445169830
100000445169831
100000445169832
100000445169833
100000445169834
100000445169835
100000445169836
100000445169837
100000445169838
100000445169839
100000445169840
100000445169841
100000445169842
100000445169843
100000445169844
100000445169845
100000445169846
100000445169847
100000445169848
100000445169849
100000445169850
100000445169851
100000445169852
100000445169853
100000445169854
100000445169855
100000445169856
100000445169857
100000445169858
100000445169859
100000445169860
100000445169861
100000445169862
100000445169863
100000445169864
100000445169865
100000445169866
100000445169867
100000445169868
100000445169869
100000445169870
100000445169871
100000445169872
100000445169873
100000445169874
100000445169875
100000445169876
100000445169877
100000445169878
100000445169879
100000445169880
100000445169881
100000445169882
100000445169883
100000445169884
100000445169885
100000445169886
100000445169887
100000445169888
100000445169889
100000445169890
100000445169891
100000445169892
100000445169893
100000445169894
100000445169895
100000445169896
100000445169897
100000445169898
100000445169899
100000445169900
100000445169901
100000445169902
100000445169903
100000445169904
100000445169905
100000445169906
100000445169907
100000445169908
100000445169909
100000445169910
100000445169911
100000445169912
100000445169913
100000445169914
100000445169915
100000445169916
100000445169917
100000445169918
100000445169919
100000445169920
100000445169921
100000445169922
100000445169923
100000445169924
100000445169925
100000445169926
100000445169927
100000445169928
100000445169929
100000445169930
100000445169931
100000445169932
100000445169933
100000445169931
100000445169935
100000445169936
100000445169937
100000445169938
100000445169939
100000445169940
100000445169941
100000445169942
100000445169943
100000445169944
100000445169945
100000445169946
100000445169947
100000445169948
100000445169949
100000445169950
100000445169951
100000445169952
100000445169953
100000445169954
100000445169955
100000445169956
100000445169957
100000445169958
100000445169959
100000445169960
100000445169961
100000445169962
100000445169963
100000445169964
100000445169965
100000445169966
100000445169967
100000445169968
100000445169969
100000445169970
100000445169971
100000445169972
100000445169973
100000445169974
100000445169975
100000445169976
100000445169977
100000445169978
100000445169979
100000445169980
100000445169981
100000445169982
100000445169983
100000445169984
100000445169985
100000445169986
100000445169987
100000445169988
100000445169989
100000445169990
100000445169991
100000445169992
100000445169993
100000445169994
100000445169995
100000445169996
100000445169997
100000445169998
100000445169999
